Instance name : DPDPTWUR-R_one_clustering_DPDPTW-R_mitrovic-minic_Rnd6_10h_100_002_slice_10
Authors : 
Date : 
Reference 
Solution
Route 1 : 80 180 46 59 68 69 78 169 178 75 146 159 51 92 81 175 10 181 16 192 116 168 151 110 41 1 6 101 141 106 23 26 126 123 48 148 
Route 2 : 22 30 122 130 14 77 88 114 177 53 188 12 96 84 95 195 56 153 112 156 184 37 33 52 133 29 17 3 103 196 40 129 152 137 43 143 117 140 
Route 3 : 44 91 191 62 162 144 58 13 158 113 27 127 72 172 83 73 183 85 185 57 173 157 
Route 4 : 70 49 149 66 170 166 94 97 194 197 89 189 4 104 98 8 108 198 71 171 
Route 5 : 7 99 107 199 100 200 60 160 47 147 87 187 
Route 6 : 5 19 105 82 119 182 28 128 25 38 50 150 125 138 54 154 
Route 7 : 63 163 2 102 86 186 32 132 35 135 
Route 8 : 65 20 120 165 61 161 
Route 9 : 31 131 42 142 39 55 76 176 155 139 67 167 
Route 10 : 64 45 164 145 74 174 
Route 11 : 21 11 121 111 
Route 12 : 
Route 13 : 
Route 14 : 
Route 15 : 
Route 16 : 
Route 17 : 
Route 18 : 
Route 19 : 
Route 20 : 
Route 21 : 
