Instance name : DPDPTWHF_R_DPDPTWUR-R_dbscan_SB_ber-n1000-3
Authors : 
Date : 
Reference 
Solution
Route 1 : 318 418 918 491 991 15 818 56 267 556 767 515 226 167 726 667 
Route 2 : 345 845 279 779 77 577 170 670 246 164 664 300 800 411 911 746 242 742 
Route 3 : 396 131 631 336 836 441 50 550 138 273 638 896 773 284 784 941 386 886 
Route 4 : 127 627 446 307 807 412 946 363 912 45 545 863 349 436 936 849 
Route 5 : 391 891 344 341 844 841 498 236 736 998 365 865 
Route 6 : 196 169 272 696 772 669 355 389 404 904 149 889 855 36 649 536 55 555 
Route 7 : 53 306 553 806 388 888 54 11 554 408 511 87 908 233 733 587 
Route 8 : 454 351 954 269 197 769 851 465 697 137 965 637 479 33 979 533 
Route 9 : 189 8 255 508 212 187 755 689 687 421 712 144 921 65 644 379 565 879 
Route 10 : 113 613 232 132 632 732 369 390 869 367 890 867 401 901 19 519 
Route 11 : 384 884 83 250 457 750 957 38 82 583 231 731 79 579 582 230 730 139 538 639 
Route 12 : 332 303 123 803 832 623 62 237 737 27 562 168 668 527 290 97 597 790 
Route 13 : 81 581 489 383 883 486 195 986 989 695 333 833 116 616 121 186 319 819 621 686 
Route 14 : 449 949 464 181 17 517 394 681 894 964 262 762 171 60 671 560 221 721 
Route 15 : 40 540 356 175 675 218 61 856 201 701 561 718 225 725 
Route 16 : 326 826 174 266 453 766 151 185 674 953 651 685 30 530 
Route 17 : 288 473 788 434 973 934 91 205 591 705 283 783 359 258 859 758 
Route 18 : 3 39 539 444 503 204 80 261 16 944 469 580 516 704 969 410 761 910 67 567 
Route 19 : 134 634 335 835 208 708 163 275 663 483 983 393 775 893 461 358 961 858 
Route 20 : 424 339 924 839 282 782 311 42 110 610 542 166 811 666 439 143 939 643 
Route 21 : 5 505 173 251 673 751 51 223 723 199 551 78 699 114 614 460 578 470 960 435 970 935 
Route 22 : 380 880 106 606 148 648 31 122 4 119 531 619 622 504 161 210 710 661 
Route 23 : 178 354 854 177 678 309 677 472 809 126 217 972 717 293 626 793 397 897 
Route 24 : 499 999 2 502 105 180 605 680 102 66 566 602 487 987 
Route 25 : 240 103 740 95 141 295 63 795 641 563 603 595 430 930 24 524 
Route 26 : 493 993 75 575 155 229 287 729 787 655 405 429 905 361 426 861 929 926 
Route 27 : 296 37 159 796 537 203 659 9 49 509 703 549 322 259 822 759 
Route 28 : 198 476 304 698 804 976 227 107 23 607 727 523 327 145 827 645 
Route 29 : 14 514 146 321 646 93 821 22 44 544 522 593 459 959 
Route 30 : 41 29 234 529 541 734 452 377 425 952 925 877 184 343 843 684 
Route 31 : 59 252 559 297 752 176 278 676 778 120 797 200 620 455 700 64 955 564 385 885 
Route 32 : 271 140 640 771 10 447 510 254 754 947 20 207 520 492 707 992 
Route 33 : 147 117 647 617 244 172 325 12 744 825 672 512 348 294 848 18 518 794 
Route 34 : 99 142 599 642 243 256 756 28 743 528 340 395 840 895 
Route 35 : 463 211 334 711 963 834 403 276 34 903 776 534 25 525 
Route 36 : 89 220 249 72 589 749 124 624 572 96 330 467 830 720 596 967 
Route 37 : 104 289 442 789 604 471 971 450 13 372 950 513 942 872 
Route 38 : 485 415 43 543 985 915 375 875 474 57 129 557 629 974 71 571 
Route 39 : 108 118 608 618 125 162 366 662 866 625 135 364 157 247 657 635 747 864 
Route 40 : 497 263 451 763 951 997 130 458 219 958 719 52 191 691 552 630 
Route 41 : 371 373 35 432 535 420 871 873 920 932 302 190 690 277 777 802 
Route 42 : 192 158 692 115 329 658 829 615 100 600 406 6 906 445 945 506 165 665 
Route 43 : 98 598 407 239 907 238 739 738 286 214 224 786 484 984 724 714 423 923 
Route 44 : 111 466 280 780 966 305 805 347 847 94 611 285 594 785 
Route 45 : 84 136 636 584 320 270 770 820 90 590 
Route 46 : 413 298 274 402 902 798 774 913 253 753 462 482 962 433 982 933 
Route 47 : 468 968 215 480 715 398 898 299 376 182 980 338 799 876 838 682 
Route 48 : 324 312 368 812 414 824 914 868 301 265 160 765 801 86 660 58 586 558 46 546 
Route 49 : 331 409 268 768 831 909 209 342 842 422 922 374 874 709 346 846 
Route 50 : 448 194 948 74 574 694 88 588 257 496 996 360 757 241 860 741 
Route 51 : 500 481 494 981 994 440 1000 940 260 760 154 387 443 943 887 654 428 928 
Route 52 : 206 706 362 862 308 112 370 808 612 323 133 633 823 870 
Route 53 : 416 382 419 337 837 882 916 228 728 919 245 745 7 183 507 179 683 679 
Route 54 : 32 109 609 532 213 316 816 713 352 310 810 70 235 570 735 852 
Route 55 : 314 478 978 814 399 431 899 417 917 26 328 931 828 526 
Route 56 : 222 202 292 702 315 722 815 92 378 878 592 350 792 150 650 850 
