Instance name : DPDPTWUR-R_one_clustering_DPDPTW-R_mitrovic-minic_Rnd6_10h_100_004_slice_8
Authors : 
Date : 
Reference 
Solution
Route 1 : 44 59 54 29 41 148 130 81 51 170 80 140 45 169 50 134 58 143 139 147 71 49 133 20 74 118 109 138 160 163 65 52 62 13 102 154 48 137 35 141 151 124 
Route 2 : 66 64 153 155 19 108 89 178 18 107 42 28 117 131 76 165 
Route 3 : 23 112 9 98 88 177 37 38 55 126 144 127 78 167 11 100 25 114 
Route 4 : 56 47 145 136 
Route 5 : 69 158 39 60 22 128 6 1 14 70 67 111 95 159 84 16 105 173 43 156 63 149 152 103 68 132 90 157 86 175 
Route 6 : 3 92 77 166 17 33 122 106 10 99 72 85 61 73 174 32 121 46 135 162 161 150 
Route 7 : 75 164 
Route 8 : 4 87 176 93 
Route 9 : 36 12 26 101 125 115 57 146 34 123 40 129 79 168 
Route 10 : 15 21 27 116 104 110 
Route 11 : 
Route 12 : 
Route 13 : 
Route 14 : 
Route 15 : 
Route 16 : 
Route 17 : 
Route 18 : 
Route 19 : 
Route 20 : 
Route 21 : 
