Instance name : DPDPTWUR-R_one_clustering_DPDPTW-R_mitrovic-minic_Rnd6_10h_100_001_slice_8
Authors : 
Date : 
Reference 
Solution
Route 1 : 67 59 156 148 51 44 133 6 77 95 14 166 103 48 137 33 54 12 143 140 101 122 31 88 177 26 115 120 72 161 57 146 
Route 2 : 49 85 32 174 138 63 121 152 55 144 82 171 79 168 
Route 3 : 40 129 
Route 4 : 80 39 22 111 41 169 128 29 70 81 64 16 84 66 10 105 69 170 130 60 158 58 149 118 61 155 147 3 153 173 159 19 43 108 36 150 125 99 92 35 132 124 
Route 5 : 1 90 17 23 50 112 139 106 13 102 46 45 134 73 83 162 62 151 172 71 135 160 5 94 
Route 6 : 24 75 25 114 113 164 
Route 7 : 89 178 9 98 86 175 56 68 145 157 27 116 
Route 8 : 38 42 52 127 141 131 15 104 
Route 9 : 74 163 7 96 18 107 65 34 154 123 87 8 97 176 
Route 10 : 
Route 11 : 
Route 12 : 
Route 13 : 
Route 14 : 
Route 15 : 
Route 16 : 
Route 17 : 
Route 18 : 
Route 19 : 
Route 20 : 
Route 21 : 
