Instance name : DPDPTWUR-R_one_clustering_DPDPTW-R_mitrovic-minic_Rnd6_10h_100_001_slice_3
Authors : 
Date : 
Reference 
Solution
Route 1 : 22 30 130 91 16 122 191 1 23 123 52 58 152 158 88 116 10 188 101 37 41 137 99 199 6 106 110 49 149 141 65 165 
Route 2 : 59 51 151 14 27 75 95 77 56 159 114 175 3 13 177 113 46 84 156 184 146 12 112 78 103 81 195 181 178 127 79 179 34 17 134 117 
Route 3 : 68 168 72 62 162 172 92 192 80 180 66 73 63 7 107 82 166 173 43 182 163 143 48 148 67 24 124 36 167 136 74 174 
Route 4 : 44 144 70 96 57 170 85 196 157 39 64 139 185 164 19 119 40 140 
Route 5 : 100 200 97 47 197 9 109 147 76 5 176 105 54 154 
Route 6 : 53 153 45 60 145 160 15 28 128 98 198 115 
Route 7 : 94 194 90 190 38 25 125 93 193 138 
Route 8 : 18 118 26 126 8 35 135 71 108 171 
Route 9 : 86 32 132 186 
Route 10 : 
Route 11 : 
Route 12 : 
Route 13 : 
Route 14 : 
Route 15 : 
Route 16 : 
Route 17 : 
Route 18 : 
Route 19 : 
Route 20 : 
Route 21 : 
