Instance name : DPDPTWHF_R_DPDPTWUR-R_dbscan_SB_poa-n600-6
Authors : 
Date : 
Reference 
Solution
Route 1 : 154 209 509 99 454 399 
Route 2 : 297 142 15 597 442 315 
Route 3 : 81 19 381 319 236 536 
Route 4 : 133 168 256 468 556 433 
Route 5 : 258 558 88 3 388 303 
Route 6 : 208 203 508 227 503 527 
Route 7 : 144 49 444 349 16 73 316 373 
Route 8 : 182 143 109 482 443 409 
Route 9 : 280 48 580 33 348 333 
Route 10 : 259 233 533 559 264 564 
Route 11 : 216 243 543 173 516 473 
Route 12 : 151 66 123 451 423 366 
Route 13 : 257 557 89 389 
Route 14 : 120 231 64 420 531 364 
Route 15 : 153 453 270 570 253 553 157 457 138 438 
Route 16 : 5 146 305 13 56 356 313 446 
Route 17 : 121 246 95 421 546 395 
Route 18 : 200 249 72 500 63 372 549 363 
Route 19 : 60 262 562 139 360 439 184 484 
Route 20 : 148 230 448 92 245 530 545 392 
Route 21 : 31 331 34 267 567 20 320 334 
Route 22 : 24 69 324 221 369 145 445 521 
Route 23 : 117 37 417 207 507 337 115 415 
Route 24 : 137 228 178 528 478 288 588 437 
Route 25 : 177 276 477 17 576 317 
Route 26 : 215 515 293 593 42 28 342 328 
Route 27 : 97 397 141 71 441 12 371 312 
Route 28 : 295 128 428 126 595 426 
Route 29 : 238 102 538 171 402 471 
Route 30 : 44 274 254 554 344 574 107 407 
Route 31 : 112 412 114 287 414 587 266 566 
Route 32 : 252 150 450 275 96 575 552 396 
Route 33 : 284 74 374 93 53 584 393 353 
Route 34 : 103 403 199 118 499 418 
Route 35 : 204 504 255 41 250 341 555 550 
Route 36 : 57 45 75 375 46 346 345 357 
Route 37 : 83 26 326 210 125 383 425 510 
Route 38 : 214 220 514 70 520 370 
Route 39 : 2 187 302 105 487 405 241 541 
Route 40 : 78 158 176 378 476 458 
Route 41 : 191 65 491 50 365 350 
Route 42 : 101 147 38 401 447 338 
Route 43 : 174 474 244 272 62 572 362 544 
Route 44 : 299 180 224 480 524 599 
Route 45 : 140 8 18 318 260 440 560 308 
Route 46 : 167 79 164 467 464 379 
Route 47 : 116 281 181 481 36 416 336 581 
Route 48 : 223 77 523 195 495 377 
Route 49 : 219 82 222 522 519 382 
Route 50 : 193 129 493 429 271 571 
Route 51 : 298 235 598 242 542 535 
Route 52 : 265 294 565 194 594 494 
Route 53 : 290 201 22 322 590 501 
Route 54 : 61 213 513 67 361 367 134 434 
Route 55 : 225 58 90 525 390 358 
Route 56 : 110 190 490 185 35 410 335 485 
Route 57 : 10 156 111 456 124 310 411 424 
Route 58 : 80 166 466 100 197 497 400 380 
Route 59 : 68 368 85 196 496 385 
Route 60 : 86 165 279 465 579 212 512 386 
Route 61 : 59 359 7 91 307 391 
Route 62 : 113 149 413 132 449 432 
Route 63 : 27 159 296 459 327 596 
Route 64 : 11 131 47 311 431 347 
Route 65 : 226 526 108 135 435 408 
Route 66 : 277 127 52 577 39 339 352 427 
Route 67 : 239 206 506 32 218 539 518 332 
Route 68 : 278 40 340 202 502 578 
Route 69 : 273 179 268 573 479 568 
Route 70 : 300 122 422 237 104 600 404 537 
Route 71 : 161 14 261 561 461 314 
Route 72 : 43 136 436 186 343 486 
Route 73 : 51 229 263 351 563 529 4 304 
Route 74 : 163 463 87 6 387 306 
Route 75 : 286 586 183 98 483 398 
Route 76 : 292 25 592 282 325 240 582 540 
Route 77 : 119 283 419 152 162 583 462 452 
Route 78 : 170 470 84 175 384 475 
Route 79 : 30 169 192 492 330 469 
Route 80 : 106 21 321 406 
Route 81 : 251 23 551 323 9 309 
