Instance name : DPDPTWUR-R_one_clustering_DPDPTW-R_mitrovic-minic_Rnd6_10h_100_004_slice_3
Authors : 
Date : 
Reference 
Solution
Route 1 : 30 62 69 91 77 22 130 191 51 177 162 1 23 123 12 101 41 122 58 88 52 112 17 158 141 169 188 78 151 49 178 117 152 149 37 137 73 173 21 121 
Route 2 : 44 80 180 75 59 159 144 14 175 114 56 46 92 146 72 13 192 156 6 106 84 16 172 116 184 65 113 60 160 165 
Route 3 : 68 168 3 95 195 81 34 103 181 27 127 134 10 110 83 96 196 66 43 143 166 183 
Route 4 : 53 57 157 19 82 119 9 153 87 64 20 120 109 63 182 70 164 187 170 163 
Route 5 : 100 200 97 197 29 129 47 39 139 42 18 118 40 55 147 89 189 155 140 142 28 128 
Route 6 : 45 79 145 85 179 185 4 104 32 132 67 71 48 167 148 171 74 174 
Route 7 : 99 199 11 111 26 15 126 115 
Route 8 : 86 90 190 186 35 38 135 54 154 138 
Route 9 : 98 36 198 136 
Route 10 : 
Route 11 : 
Route 12 : 
Route 13 : 
Route 14 : 
Route 15 : 
Route 16 : 
Route 17 : 
Route 18 : 
Route 19 : 
Route 20 : 
Route 21 : 
