Instance name : SB_nyc-n400-1
Authors : 
Date : 
Reference 
Solution
Route 1 : 64 128 61 264 1 201 183 328 261 14 214 383 21 90 221 109 290 117 309 317 20 150 57 220 350 148 84 284 348 257 
Route 2 : 83 3 69 46 283 269 86 203 9 246 286 209 122 171 197 371 322 397 162 146 362 346 
Route 3 : 87 76 13 276 113 287 213 313 140 135 340 335 75 275 72 272 
Route 4 : 190 390 15 215 143 343 173 373 49 114 314 7 127 207 327 167 249 367 
Route 5 : 164 134 8 136 200 364 334 50 400 336 250 208 10 163 30 230 210 363 178 99 299 48 378 248 
Route 6 : 177 85 104 58 285 105 304 377 258 305 103 100 300 303 42 130 242 65 330 19 175 265 53 52 253 375 125 325 219 252 
Route 7 : 23 31 231 102 223 80 302 110 147 347 310 280 111 123 311 195 395 323 45 133 333 245 
Route 8 : 181 381 154 354 11 6 211 96 206 126 296 198 44 67 244 398 326 139 267 339 
Route 9 : 151 77 199 41 36 399 351 236 277 241 73 170 169 369 37 273 370 129 329 95 166 237 17 366 295 217 
Route 10 : 106 120 320 159 306 359 165 94 101 294 365 301 40 91 240 291 
Route 11 : 155 189 66 389 355 124 266 92 121 321 324 292 34 234 174 138 185 59 385 338 51 374 251 259 
Route 12 : 141 16 18 341 216 81 218 281 22 149 222 88 349 35 288 235 
Route 13 : 112 32 43 243 312 232 97 55 255 33 233 297 161 186 361 153 386 353 
Route 14 : 63 176 158 74 376 263 274 358 160 360 145 144 25 345 225 56 256 344 
Route 15 : 191 93 29 391 229 293 115 315 132 28 157 228 137 357 332 337 119 4 107 319 204 307 
Route 16 : 60 39 260 187 47 247 118 239 318 68 387 268 89 62 289 262 
Route 17 : 188 388 156 26 180 356 226 380 98 196 70 184 298 396 384 270 182 382 
Route 18 : 24 116 316 152 352 193 224 393 82 282 71 271 
Route 19 : 142 5 54 254 205 342 38 78 168 238 278 192 368 392 131 331 
Route 20 : 172 79 108 279 308 372 194 2 394 12 212 202 27 179 227 379 
