Instance name : SB_nyc-n400-1
Authors : 
Date : 
Reference 
Solution
Route 1 : 31 113 231 194 313 394 12 2 212 27 38 202 227 238 192 179 379 162 392 131 331 362 
Route 2 : 64 128 61 264 1 201 183 328 261 14 214 383 21 90 221 109 290 117 309 317 20 150 57 220 350 84 284 257 
Route 3 : 83 3 69 46 283 269 86 203 9 246 286 209 195 122 395 171 148 371 322 146 348 346 
Route 4 : 87 76 13 276 287 213 140 340 75 275 72 272 
Route 5 : 141 190 390 341 15 215 143 343 173 373 49 114 314 7 127 207 327 167 249 367 
Route 6 : 164 105 8 136 200 364 50 400 336 250 305 208 10 163 30 230 210 363 178 99 299 378 
Route 7 : 177 85 104 58 285 304 193 377 258 103 393 100 300 303 42 130 242 65 330 19 175 265 53 52 253 375 125 325 219 252 
Route 8 : 16 23 216 102 223 80 302 110 147 347 310 280 111 123 311 323 45 133 333 245 
Route 9 : 181 381 154 354 11 6 211 96 206 126 296 198 44 67 244 398 326 139 267 339 
Route 10 : 151 77 199 41 36 399 351 236 277 241 73 169 196 396 369 37 273 129 329 95 166 237 17 366 295 217 
Route 11 : 106 120 320 159 306 359 165 94 101 294 365 301 40 91 240 48 291 248 
Route 12 : 93 155 189 66 293 389 355 124 266 92 121 321 324 292 34 234 174 138 185 59 385 338 51 374 251 259 
Route 13 : 112 32 43 243 312 232 97 55 255 33 233 297 161 361 153 353 
Route 14 : 63 176 158 74 376 263 274 358 160 360 145 144 25 345 225 56 256 344 
Route 15 : 18 191 29 391 218 229 115 315 132 28 157 228 137 357 332 337 119 4 107 319 204 307 
Route 16 : 60 39 260 187 47 247 118 239 318 68 387 268 89 62 289 262 
Route 17 : 188 388 156 26 180 356 226 380 98 70 184 298 170 197 384 270 370 182 397 382 35 235 
Route 18 : 24 116 316 152 352 224 82 282 149 349 71 271 
Route 19 : 142 5 54 254 205 342 22 78 222 168 278 368 186 88 386 288 
Route 20 : 172 79 108 279 308 134 372 334 81 135 281 335 
