Instance name : SB_nyc-n400-1
Authors : 
Date : 
Reference 
Solution
Route 1 : 181 31 381 113 191 231 391 187 313 12 387 2 212 27 38 202 184 227 185 238 384 186 175 385 375 386 
Route 2 : 64 199 264 1 201 14 399 214 21 90 221 290 117 317 20 57 220 148 84 284 348 257 
Route 3 : 83 3 69 46 283 269 86 203 9 246 286 209 122 178 99 322 299 146 378 346 
Route 4 : 136 61 13 336 213 261 140 135 101 340 78 335 301 278 72 88 272 288 
Route 5 : 190 390 15 215 143 343 179 114 314 7 127 379 207 327 162 362 
Route 6 : 76 108 105 8 308 276 305 208 10 30 111 68 230 210 311 268 198 398 52 48 248 252 
Route 7 : 85 104 58 24 285 304 258 193 224 103 393 100 300 303 42 130 242 65 330 19 265 53 253 125 325 219 
Route 8 : 80 110 147 347 310 280 82 282 45 133 333 245 
Route 9 : 177 377 154 354 11 6 211 96 206 126 296 44 67 244 326 139 267 339 
Route 10 : 77 29 41 36 236 277 229 241 73 196 273 129 396 329 95 17 295 217 
Route 11 : 79 106 279 120 320 159 306 359 121 124 55 321 324 255 149 182 168 25 171 368 349 225 371 166 382 366 
Route 12 : 155 189 66 389 355 194 394 266 92 292 195 395 174 150 138 59 350 338 374 259 
Route 13 : 141 16 18 341 216 81 218 281 123 22 323 197 222 397 131 331 
Route 14 : 112 32 43 243 312 232 183 118 160 318 360 383 94 33 233 294 170 161 361 370 153 353 
Route 15 : 164 63 364 158 74 263 274 358 145 144 345 56 256 344 
Route 16 : 23 172 93 223 372 293 169 132 109 157 309 369 137 357 332 337 51 119 251 4 107 319 204 307 
Route 17 : 188 388 60 102 260 302 47 180 247 173 380 34 234 373 28 37 89 228 289 237 167 367 
Route 18 : 151 156 39 26 128 351 328 239 356 226 163 363 70 40 192 270 240 91 392 291 
Route 19 : 116 316 152 352 97 297 75 71 271 275 
Route 20 : 142 87 50 287 54 250 254 342 115 315 62 49 249 262 
Route 21 : 5 200 134 176 376 205 334 400 165 98 365 298 35 235 
