Instance name : SB_nyc-n400-1
Authors : 
Date : 
Reference 
Solution
Route 1 : 116 31 231 316 152 352 12 2 212 27 38 202 227 238 192 179 379 162 392 131 331 362 
Route 2 : 64 128 61 264 1 201 183 328 261 14 214 383 21 90 221 109 290 117 309 317 20 150 57 220 350 148 84 284 348 257 
Route 3 : 83 3 69 46 283 269 86 203 9 246 286 209 124 103 324 303 171 197 371 397 146 346 
Route 4 : 142 87 113 13 287 187 213 313 342 387 140 135 340 335 75 275 72 272 
Route 5 : 190 24 390 54 254 224 143 343 173 373 49 114 314 7 127 207 327 167 249 367 
Route 6 : 85 5 8 285 136 200 50 400 205 336 250 208 10 163 30 230 210 363 178 99 299 48 378 248 
Route 7 : 177 60 104 58 105 304 260 377 258 305 68 100 300 268 42 130 242 65 330 19 175 265 53 52 253 375 125 325 219 252 
Route 8 : 23 102 223 80 302 110 147 347 310 280 111 123 311 195 395 323 45 133 333 245 
Route 9 : 181 76 276 381 154 354 11 6 211 96 206 126 296 198 44 67 244 398 326 139 267 339 
Route 10 : 151 77 199 41 36 399 351 236 277 241 73 170 169 369 37 273 370 129 329 95 166 237 17 366 295 217 
Route 11 : 120 43 243 320 159 359 165 94 101 294 365 301 40 91 240 291 
Route 12 : 155 189 66 389 355 194 266 92 121 394 321 292 34 234 174 138 185 59 385 338 51 374 251 259 
Route 13 : 141 16 18 341 216 81 218 281 22 149 222 88 349 35 288 235 
Route 14 : 39 112 32 312 232 239 97 55 255 33 233 297 161 186 361 153 386 353 
Route 15 : 63 176 158 74 376 263 274 358 160 360 145 122 144 25 345 322 225 56 256 344 
Route 16 : 191 93 29 391 229 293 115 315 132 28 157 228 137 357 332 337 119 4 107 319 204 307 
Route 17 : 188 388 156 26 180 356 226 380 98 196 70 184 298 396 384 270 182 382 
Route 18 : 106 134 306 334 15 215 82 282 62 71 271 262 
Route 19 : 172 79 108 279 308 164 372 47 247 364 118 193 318 393 78 89 278 168 368 289 
