Instance name : SB_nyc-n400-1
Authors : 
Date : 
Reference 
Solution
Route 1 : 76 113 276 194 313 394 2 34 27 38 202 227 132 234 332 238 131 48 107 331 248 307 
Route 2 : 190 128 61 390 183 328 261 14 214 383 21 90 221 290 117 65 317 20 57 220 265 257 
Route 3 : 83 3 69 46 283 269 203 9 246 209 22 197 67 222 45 397 245 267 
Route 4 : 13 213 31 41 231 163 135 241 170 363 335 370 127 150 350 327 153 52 353 252 
Route 5 : 191 32 142 232 342 391 92 292 94 114 294 129 168 368 192 329 314 167 392 367 
Route 6 : 141 105 8 136 341 200 50 400 336 250 305 208 30 123 230 323 178 99 299 378 
Route 7 : 177 85 104 58 285 304 193 377 258 165 393 100 300 44 365 148 175 244 71 271 146 375 348 346 
Route 8 : 64 110 79 264 279 80 310 180 280 380 103 111 303 311 195 395 144 133 333 344 
Route 9 : 120 181 381 320 154 354 81 96 281 126 296 198 28 228 398 326 53 253 
Route 10 : 151 77 199 36 399 351 236 277 109 169 369 130 309 330 95 166 17 366 295 217 
Route 11 : 106 116 316 159 306 152 352 359 101 301 62 91 291 262 
Route 12 : 155 189 87 389 355 287 124 324 174 138 185 59 385 338 374 259 
Route 13 : 16 18 216 218 158 147 358 347 145 149 345 349 35 235 
Route 14 : 112 63 164 24 312 364 160 224 263 55 360 255 33 173 233 161 373 171 186 361 371 386 
Route 15 : 66 176 74 376 274 121 10 266 321 210 179 379 162 25 51 72 56 225 272 256 251 362 
Route 16 : 29 43 243 229 115 315 157 137 357 337 119 4 319 204 
Route 17 : 60 39 260 187 47 247 118 239 318 68 387 12 196 268 212 396 89 40 289 88 240 288 
Route 18 : 188 388 156 26 356 226 11 6 206 98 211 70 184 298 7 384 270 182 207 139 382 339 
Route 19 : 93 102 302 1 201 293 15 215 82 122 282 37 322 237 19 219 
Route 20 : 5 54 254 205 97 140 78 340 297 278 49 84 249 125 325 284 
Route 21 : 172 23 108 134 372 86 308 223 286 334 143 343 73 42 273 242 75 275 
