Instance name : SB_nyc-n400-1
Authors : 
Date : 
Reference 
Solution
Route 1 : 23 113 194 223 313 10 394 2 27 202 210 227 7 179 379 149 207 162 349 362 
Route 2 : 83 283 64 128 264 147 328 14 187 214 90 12 347 387 70 212 109 290 117 270 309 317 20 150 57 220 350 148 17 348 257 217 
Route 3 : 112 69 3 312 269 46 86 203 9 246 286 209 6 206 123 122 323 197 161 138 322 397 361 146 338 346 
Route 4 : 142 134 176 76 276 334 160 342 376 360 140 135 340 65 335 265 72 95 56 272 125 256 325 295 
Route 5 : 181 381 143 343 169 173 369 373 49 132 114 314 332 127 139 327 249 339 
Route 6 : 105 8 136 60 50 260 193 336 250 305 208 393 178 99 299 48 378 248 
Route 7 : 85 190 58 87 285 390 258 287 100 300 38 42 130 238 242 330 19 175 71 52 271 375 219 252 
Route 8 : 16 216 102 302 30 111 311 230 182 45 245 382 
Route 9 : 1 110 108 308 201 11 310 103 211 21 96 303 221 296 198 44 244 67 398 166 167 267 367 366 
Route 10 : 151 77 156 41 351 47 277 356 247 241 73 170 137 37 273 370 337 129 329 237 
Route 11 : 177 116 13 316 377 213 165 94 163 101 363 294 365 301 91 131 291 331 
Route 12 : 155 66 355 18 92 124 266 218 324 292 34 195 234 395 174 185 59 385 51 374 251 259 
Route 13 : 141 43 199 104 341 399 304 243 81 281 22 222 126 192 88 326 392 288 
Route 14 : 32 61 80 261 232 152 280 352 55 255 33 157 184 233 384 357 84 53 186 284 153 253 386 353 
Route 15 : 164 63 5 364 158 74 205 274 263 358 145 144 25 345 35 225 235 344 
Route 16 : 93 31 29 231 229 293 15 215 115 78 315 168 278 368 119 133 107 319 333 307 
Route 17 : 39 154 26 118 239 226 354 318 68 268 89 75 62 289 275 262 
Route 18 : 188 388 189 180 389 380 98 196 40 298 396 171 240 4 371 204 
Route 19 : 120 200 36 24 320 400 224 97 236 82 297 282 28 228 
Route 20 : 106 306 54 254 121 321 
Route 21 : 172 79 191 279 372 391 183 159 383 359 
