Instance name : SPDPTW_V_br-mg-bh-200_input
Authors : 
Date : 
Reference 
Solution
Route 1 : 25 26 56 78 19 119 23 156 125 126 123 95 195 178 
Route 2 : 79 17 13 117 179 52 152 113 
Route 3 : 85 4 21 89 185 30 121 2 189 102 104 130 27 127 
Route 4 : 87 54 43 86 154 45 187 143 145 186 
Route 5 : 1 91 53 50 191 101 153 8 150 108 
Route 6 : 57 15 72 115 24 172 157 93 88 193 188 124 
Route 7 : 97 98 5 105 197 84 198 94 184 194 
Route 8 : 96 196 65 31 165 61 131 161 
Route 9 : 63 90 62 39 139 35 162 190 135 163 
Route 10 : 18 14 99 118 67 167 32 199 132 114 
Route 11 : 71 171 66 44 144 166 59 159 
Route 12 : 73 9 33 173 37 109 137 133 69 169 
Route 13 : 74 51 10 81 151 110 181 34 174 134 6 106 
Route 14 : 70 29 129 170 
Route 15 : 76 46 146 64 7 164 176 107 
Route 16 : 68 75 3 175 168 103 
Route 17 : 83 41 47 58 158 141 147 183 
Route 18 : 80 36 180 136 
Route 19 : 16 12 116 112 92 192 
Route 20 : 77 22 177 38 122 138 
Route 21 : 48 148 20 49 120 149 
Route 22 : 42 60 160 28 128 55 142 155 
Route 23 : 40 100 82 11 111 140 200 182 
