Instance name : DPDPTWUR-R_one_clustering_DPDPTW-R_mitrovic-minic_Rnd6_10h_100_006_slice_9
Authors : 
Date : 
Reference 
Solution
Route 1 : 44 80 144 180 10 52 27 13 127 56 12 156 112 110 37 152 72 83 49 183 84 184 149 113 172 137 
Route 2 : 22 122 62 162 51 151 14 1 101 16 17 117 41 70 57 114 141 85 34 116 47 20 134 96 147 157 170 185 120 8 40 140 108 196 71 171 
Route 3 : 46 69 30 91 68 59 146 130 191 81 88 169 78 6 181 58 168 178 23 75 77 159 3 175 9 103 109 158 123 31 177 188 33 106 133 63 131 48 148 163 
Route 4 : 92 95 192 195 66 53 73 173 153 166 19 119 60 160 65 165 
Route 5 : 82 18 182 7 118 107 43 143 86 186 4 104 11 111 21 121 
Route 6 : 99 199 89 61 189 161 32 132 
Route 7 : 79 179 
Route 8 : 39 139 93 193 
Route 9 : 15 28 115 128 
Route 10 : 94 100 200 194 29 129 64 164 98 24 198 124 90 190 
Route 11 : 5 105 35 135 
Route 12 : 76 87 176 187 25 54 154 125 
Route 13 : 
Route 14 : 
Route 15 : 
Route 16 : 
Route 17 : 
Route 18 : 
Route 19 : 
Route 20 : 
Route 21 : 
