Instance name : DPDPTWUR-R_one_clustering_DPDPTW-R_mitrovic-minic_Rnd6_10h_100_002_slice_3
Authors : 
Date : 
Reference 
Solution
Route 1 : 69 78 59 46 12 91 191 146 112 159 49 149 92 95 195 72 178 17 169 172 23 123 96 192 43 143 196 117 48 148 
Route 2 : 10 41 27 110 37 13 113 141 127 137 66 42 142 5 105 166 8 74 108 174 
Route 3 : 30 3 103 58 22 130 122 158 56 84 156 184 6 106 81 181 57 157 
Route 4 : 75 51 151 175 62 162 33 133 82 19 119 55 39 139 155 182 29 129 67 50 167 150 54 154 
Route 5 : 88 188 60 160 40 47 140 31 131 147 28 128 98 198 
Route 6 : 52 16 80 180 152 116 73 7 20 99 107 199 120 89 189 173 87 187 38 25 138 125 
Route 7 : 77 44 14 114 177 144 4 104 11 71 171 111 
Route 8 : 76 176 2 102 86 186 35 135 26 126 
Route 9 : 65 97 165 197 61 21 32 161 132 121 
Route 10 : 45 94 194 145 
Route 11 : 53 70 63 153 170 163 
Route 12 : 64 100 200 164 
Route 13 : 
Route 14 : 
Route 15 : 
Route 16 : 
Route 17 : 
Route 18 : 
Route 19 : 
Route 20 : 
Route 21 : 
