Instance name : DPDPTWUR-R_one_clustering_DPDPTW-R_mitrovic-minic_Rnd6_10h_100_000_slice_8
Authors : 
Date : 
Reference 
Solution
Route 1 : 67 156 64 153 66 155 12 59 23 29 118 45 148 101 72 46 17 36 125 161 135 112 86 175 106 42 63 134 152 131 
Route 2 : 80 44 169 133 77 14 84 173 166 103 48 10 137 99 49 32 138 121 70 19 159 35 124 18 108 107 28 85 117 11 100 174 
Route 3 : 39 51 69 158 140 128 22 111 54 143 26 13 1 90 60 58 62 149 115 151 30 147 61 55 119 150 144 102 
Route 4 : 41 16 130 105 47 136 34 78 167 123 27 8 21 110 116 97 
Route 5 : 6 95 3 92 74 163 68 65 53 142 157 154 75 164 24 113 
Route 6 : 81 170 43 132 2 91 4 93 25 79 168 114 
Route 7 : 33 122 87 176 
Route 8 : 50 139 7 96 38 57 146 127 
Route 9 : 83 5 172 9 94 98 
Route 10 : 31 20 109 37 120 126 
Route 11 : 56 145 76 82 165 171 
Route 12 : 
Route 13 : 
Route 14 : 
Route 15 : 
Route 16 : 
Route 17 : 
Route 18 : 
Route 19 : 
Route 20 : 
Route 21 : 
