Instance name : DPDPTWUR-R_one_clustering_DPDPTW-R_mitrovic-minic_Rnd6_10h_100_001_slice_10
Authors : 
Date : 
Reference 
Solution
Route 1 : 91 44 22 122 46 191 144 30 81 92 75 16 95 77 10 116 80 192 146 69 180 66 169 130 70 177 166 3 175 195 181 19 49 119 41 170 141 110 103 40 149 140 
Route 2 : 78 68 178 168 59 51 151 6 88 106 14 188 114 56 156 37 62 12 162 159 112 137 33 99 199 27 127 133 83 183 65 165 
Route 3 : 1 101 17 23 58 123 158 117 13 113 53 52 152 84 94 184 72 172 194 82 153 182 5 105 67 25 125 48 148 74 174 167 
Route 4 : 57 96 34 196 157 73 134 173 63 163 93 193 90 190 36 136 
Route 5 : 100 200 9 109 97 197 64 79 164 179 28 128 35 135 71 38 138 171 
Route 6 : 85 185 7 107 18 118 76 39 176 139 98 8 108 198 
Route 7 : 43 47 60 143 160 147 15 115 
Route 8 : 45 145 32 132 
Route 9 : 24 86 26 126 124 186 
Route 10 : 54 154 
Route 11 : 
Route 12 : 
Route 13 : 
Route 14 : 
Route 15 : 
Route 16 : 
Route 17 : 
Route 18 : 
Route 19 : 
Route 20 : 
Route 21 : 
