Instance name : DPDPTWUR-R_one_clustering_DPDPTW-R_mitrovic-minic_Rnd6_10h_100_006_slice_3
Authors : 
Date : 
Reference 
Solution
Route 1 : 30 69 62 46 169 162 51 14 81 130 146 6 13 151 181 75 77 114 113 175 72 177 172 106 66 166 96 196 71 171 
Route 2 : 22 59 91 12 122 159 3 17 117 23 112 41 58 88 191 158 188 123 68 168 103 141 99 19 199 33 133 73 60 173 20 119 120 160 
Route 3 : 80 78 1 180 16 49 56 149 178 116 101 92 84 184 156 192 63 18 163 65 118 165 
Route 4 : 44 144 95 37 34 10 137 195 52 27 134 110 152 127 85 43 143 64 164 185 47 57 147 157 
Route 5 : 9 109 7 40 107 39 139 79 179 82 182 140 48 148 
Route 6 : 5 100 29 200 89 105 129 31 189 131 15 115 
Route 7 : 94 194 87 76 176 187 61 161 28 4 104 8 11 128 108 111 
Route 8 : 98 24 198 21 124 93 193 54 154 121 
Route 9 : 90 190 35 135 32 132 
Route 10 : 86 186 25 125 
Route 11 : 
Route 12 : 
Route 13 : 
Route 14 : 
Route 15 : 
Route 16 : 
Route 17 : 
Route 18 : 
Route 19 : 
Route 20 : 
Route 21 : 
