Instance name : DPDPTWUR-R_one_clustering_DPDPTW-R_mitrovic-minic_Rnd6_10h_100_004_slice_9
Authors : 
Date : 
Reference 
Solution
Route 1 : 80 180 44 69 22 144 6 1 14 81 78 122 106 181 95 16 116 195 49 178 73 169 173 114 79 149 101 179 97 197 67 71 48 167 148 171 74 174 
Route 2 : 51 68 62 30 46 168 146 92 59 192 91 159 52 191 58 152 66 162 158 166 82 57 151 20 85 130 120 157 182 185 76 60 72 13 113 176 56 156 40 160 172 140 
Route 3 : 3 103 88 188 17 37 137 117 10 110 83 96 70 84 196 34 134 53 153 184 183 170 32 132 54 154 
Route 4 : 77 75 175 177 19 119 100 200 18 118 47 29 129 147 87 187 36 136 
Route 5 : 23 123 9 109 99 199 42 43 63 142 163 143 89 189 11 111 26 126 
Route 6 : 41 12 27 112 141 127 65 165 39 139 45 145 90 190 35 38 135 138 
Route 7 : 64 55 164 155 
Route 8 : 86 186 
Route 9 : 4 98 198 104 
Route 10 : 15 21 28 128 115 121 
Route 11 : 
Route 12 : 
Route 13 : 
Route 14 : 
Route 15 : 
Route 16 : 
Route 17 : 
Route 18 : 
Route 19 : 
Route 20 : 
Route 21 : 
