Instance name : DPDPTWUR-R_one_clustering_DPDPTW-R_mitrovic-minic_Rnd6_10h_100_002_slice_8
Authors : 
Date : 
Reference 
Solution
Route 1 : 69 158 41 51 59 60 67 149 156 64 130 140 44 81 70 153 10 159 16 170 105 148 133 99 36 1 6 90 125 95 23 25 114 112 
Route 2 : 22 29 111 118 14 66 77 103 155 46 166 12 85 73 84 173 48 135 101 137 162 33 31 45 120 28 17 3 92 174 35 117 134 122 38 127 106 124 
Route 3 : 39 80 169 54 143 128 50 13 139 102 26 115 62 151 72 63 161 74 163 49 152 138 
Route 4 : 55 144 2 91 75 164 
Route 5 : 57 20 109 146 53 142 
Route 6 : 30 119 37 126 34 47 65 154 136 123 
Route 7 : 56 40 145 129 
Route 8 : 61 43 132 58 150 147 83 86 172 175 78 167 4 93 87 8 97 176 
Route 9 : 7 88 96 177 89 178 52 141 42 131 76 165 
Route 10 : 5 19 94 71 108 160 27 116 
Route 11 : 21 11 110 100 
Route 12 : 
Route 13 : 
Route 14 : 
Route 15 : 
Route 16 : 
Route 17 : 
Route 18 : 
Route 19 : 
Route 20 : 
Route 21 : 
