Instance name : DPDPTWUR-R_one_clustering_DPDPTW-R_mitrovic-minic_Rnd6_10h_100_006_slice_8
Authors : 
Date : 
Reference 
Solution
Route 1 : 39 69 128 158 10 45 26 13 115 48 12 137 101 99 33 134 62 72 43 161 73 162 132 102 151 122 
Route 2 : 22 111 54 143 44 133 14 1 90 16 17 106 36 61 49 103 125 74 32 105 42 20 121 85 131 138 150 163 109 8 35 124 97 174 
Route 3 : 41 60 29 80 59 51 130 118 169 70 77 149 67 6 159 50 148 156 23 64 66 140 3 153 9 92 98 139 112 30 155 166 31 95 120 55 119 144 
Route 4 : 81 84 170 173 58 46 63 152 135 147 19 108 52 141 57 146 
Route 5 : 71 18 160 7 107 96 38 127 75 164 4 93 11 100 21 110 
Route 6 : 83 89 178 172 28 117 56 145 87 24 176 113 79 168 
Route 7 : 15 27 104 116 
Route 8 : 88 177 78 53 167 142 
Route 9 : 68 157 
Route 10 : 34 123 82 171 
Route 11 : 65 76 154 165 
Route 12 : 5 94 
Route 13 : 
Route 14 : 
Route 15 : 
Route 16 : 
Route 17 : 
Route 18 : 
Route 19 : 
Route 20 : 
Route 21 : 
