Instance name : DPDPTWUR-R_one_clustering_DPDPTW-R_mitrovic-minic_Rnd6_10h_100_000_slice_9
Authors : 
Date : 
Reference 
Solution
Route 1 : 78 178 75 175 77 177 12 68 23 30 130 52 168 112 83 53 17 41 141 183 153 123 97 197 117 47 73 152 173 147 
Route 2 : 91 51 191 151 88 14 95 195 188 114 56 10 156 110 57 34 157 134 81 19 181 40 140 18 119 118 29 96 129 11 111 196 
Route 3 : 44 59 80 180 159 144 22 122 62 162 27 13 1 101 69 66 72 169 127 172 31 166 70 63 131 170 163 113 71 171 
Route 4 : 46 16 146 116 55 155 39 89 189 139 28 8 21 121 128 108 
Route 5 : 6 106 3 103 85 185 79 76 61 161 179 176 86 186 24 124 
Route 6 : 92 192 49 149 2 102 4 104 26 90 190 126 
Route 7 : 37 137 98 198 36 74 136 174 
Route 8 : 58 158 7 107 43 65 165 143 32 132 67 167 
Route 9 : 94 5 194 9 105 109 38 138 
Route 10 : 33 20 120 42 133 142 
Route 11 : 64 164 87 93 187 193 
Route 12 : 35 25 125 135 
Route 13 : 
Route 14 : 
Route 15 : 
Route 16 : 
Route 17 : 
Route 18 : 
Route 19 : 
Route 20 : 
Route 21 : 
