Instance name : DPDPTWUR-R_one_clustering_DPDPTW-R_mitrovic-minic_Rnd6_10h_100_000_slice_3
Authors : 
Date : 
Reference 
Solution
Route 1 : 46 95 195 88 51 22 188 122 81 16 56 6 58 68 156 158 151 106 146 181 52 168 116 152 73 18 173 118 20 120 96 196 
Route 2 : 3 62 13 27 12 162 103 112 41 17 141 117 92 34 127 192 113 134 19 65 29 119 129 63 163 165 
Route 3 : 77 177 59 30 130 44 37 91 191 14 159 144 23 137 123 114 43 66 72 143 87 187 172 47 97 197 166 40 147 70 140 170 
Route 4 : 10 110 75 175 57 7 31 55 155 107 64 131 164 157 9 39 139 109 53 153 11 111 74 174 
Route 5 : 78 178 94 83 194 33 183 85 133 185 42 142 76 176 28 93 193 32 67 71 132 171 128 167 
Route 6 : 49 1 80 180 149 101 5 105 79 179 89 189 86 186 24 124 
Route 7 : 61 2 98 102 198 38 25 125 161 138 
Route 8 : 90 190 26 35 135 126 
Route 9 : 4 104 8 21 121 108 
Route 10 : 36 136 
Route 11 : 
Route 12 : 
Route 13 : 
Route 14 : 
Route 15 : 
Route 16 : 
Route 17 : 
Route 18 : 
Route 19 : 
Route 20 : 
Route 21 : 
